usecolor=0;
usekeystone=1;
gamma=2.0; density=2.0;
framepervol=8; hwsync_frame0=1;
hwsync_phase=8.099991; hwsync_levthresh=512;
hwsync_amp0=1.000000; hwsync_pha0=0;
hwsync_amp1=1.000000; hwsync_pha1=0;
hwsync_amp2=1.000000; hwsync_pha2=0;
hwsync_amp3=1.000000; hwsync_pha3=0;
voxie_vol=43.50;
sndfx_vol=50.00;
emuhang=25.0; emuvang=-45.0; emudist=1350; //initial camera angle&pos for emulation (horiz/vert, degrees), camera distance
aspx=1.00; aspy=1.00; aspz=0.40;
drawstroke=3; dither=3;
smear=0;
projx0= 157.49; projy0= 136.08; projx2= 596.06; projy2= 126.07;
projx1= 112.42; projy1=  45.13; projx3= 616.52; projy3=  49.39;
projx6= 177.94; projy6=1018.74; projx4= 588.56; projy4=1010.28;
projx7= 131.95; projy7=1048.43; projx5= 607.75; projy5=1040.76;
colo_r=255; colo_g=255; colo_b=155;
mono_r=160; mono_g=160; mono_b=160;
mirrorx=0; mirrory=1; flip=0;
